inf
2207.5055187637968
3731.3432835820895
3215.434083601286
566.8934240362812
2717.391304347826
842.4599831508003
1070.663811563169
1960.7843137254902
1533.7423312883434
2347.417840375587
1992.03187250996
3225.8064516129034
1689.1891891891892
5434.782608695652
3703.7037037037035
1092.8961748633878
1680.6722689075632
2777.777777777778
1186.2396204033216
3154.5741324921137
2267.573696145125
1574.8031496062993
4219.409282700422
861.3264427217915
1727.1157167530225
1666.6666666666667
1236.0939431396785
1730.1038062283737
1818.181818181818
2127.6595744680853
2386.6348448687354
1262.6262626262626
2057.61316872428
1069.51871657754
1555.2099533437013
2087.6826722338205
1572.3270440251572
2832.8611898016998
1821.493624772313
2849.002849002849
1219.5121951219512
3571.428571428571
1618.1229773462783
2024.2914979757086
1540.8320493066255
1862.1973929236499
1633.986928104575
1483.6795252225518
2159.827213822894
2257.3363431151242
2173.913043478261
2096.4360587002097
2544.529262086514
1331.5579227696405
2053.388090349076
3267.97385620915
1792.1146953405016
1919.3857965451054
1552.7950310559006
2577.319587628866
2232.142857142857
4000
1319.2612137203166
3067.484662576687
2123.1422505307855
1779.359430604982
1447.178002894356
2906.9767441860467
1567.398119122257
1742.1602787456447
2341.92037470726
1234.567901234568
2967.3590504451035
2118.64406779661
2415.458937198068
2865.329512893983
1137.6564277588168
3448.2758620689656
1451.378809869376
2415.458937198068
1369.86301369863
1639.344262295082
2415.458937198068
4405.286343612334
2096.4360587002097
3030.30303030303
1811.5942028985505
1287.001287001287
3344.481605351171
1383.1258644536654
1440.922190201729
1754.3859649122808
3773.584905660377
2624.6719160104985
1628.6644951140065
2232.142857142857
1141.552511415525
3076.9230769230767
1703.5775127768316
3472.2222222222226
2570.694087403599
1709.4017094017095
1706.4846416382254
3496.503496503497
1605.1364365971108
1818.181818181818
3174.6031746031745
1605.1364365971108
1901.1406844106464
1760.5633802816903
2247.191011235955
1207.729468599034
