0.072843
0.060128999999999995
0.046271
0.045217
0.22229400000000002
0.194793
0.105222
0.07829699999999999
0.202152
0.038074
0.189499
0.065429
0.119977
0.071765
0.078418
0.110884
0.07814499999999999
0.070831
0.113532
0.10339100000000001
0.11911
0.063285
0.138965
0.08318099999999999
0.139454
0.11407500000000001
0.117038
0.12596
0.13434100000000002
0.148769
0.101304
0.122908
0.149618
0.11328700000000001
0.118103
0.051516
0.097588
0.06598699999999999
0.10278799999999999
0.06692000000000001
0.14118199999999997
0.06663200000000001
0.076367
0.152637
0.152803
0.122625
0.0691
0.187167
0.062538
0.099287
0.125101
0.084648
0.10730100000000001
0.092096
0.092824
0.095099
0.119727
0.05197
0.13209100000000001
0.061771
0.16189599999999998
0.11165900000000001
0.09435500000000001
0.094599
0.070177
0.11053400000000001
0.08649899999999999
0.091751
0.173846
0.105568
0.084132
0.058162
0.034848
0.038130000000000004
0.21270599999999998
0.097471
0.091029
0.040588
0.197465
0.119515
0.06896899999999999
0.114175
0.063004
0.082881
0.087988
0.09100499999999999
0.09998699999999999
0.11038200000000001
0.071
0.089643
0.055154
0.128321
0.123496
0.090942
0.14845599999999998
0.08456399999999999
0.053496
0.053354
0.0984
0.03562
0.033436
0.030666
0.285854
0.089718
0.091957
0.09048300000000001
0.047372
0.09289700000000001
0.067111
0.109247
0.13077
0.116964
0.094524
0.079762
0.167918
0.094785
