1680987173351
1680987173804
1680987174072
1680987174384
1680987176148
1680987176516
1680987177704
1680987178638
1680987179149
1680987179802
1680987180228
1680987180731
1680987181041
1680987181633
1680987181818
1680987182089
1680987183004
1680987183600
1680987183961
1680987184804
1680987185122
1680987185563
1680987186198
1680987186436
1680987187598
1680987188177
1680987188777
1680987189587
1680987190166
1680987190716
1680987191187
1680987191606
1680987192418
1680987192885
1680987193820
1680987194464
1680987194943
1680987195580
1680987195934
1680987196483
1680987196835
1680987197655
1680987197936
1680987198554
1680987199049
1680987199698
1680987200236
1680987200848
1680987201523
1680987201986
1680987202429
1680987202889
1680987203367
1680987203761
1680987204513
1680987205000
1680987205307
1680987205865
1680987206387
1680987207032
1680987207420
1680987207869
1680987208120
1680987208878
1680987209204
1680987209676
1680987210239
1680987210930
1680987211274
1680987211913
1680987212487
1680987212915
1680987213725
1680987214063
1680987214535
1680987214950
1680987215299
1680987216178
1680987216468
1680987217158
1680987217572
1680987218303
1680987218913
1680987219328
1680987219555
1680987220033
1680987220364
1680987220917
1680987221695
1680987221994
1680987222717
1680987223411
1680987223982
1680987224248
1680987224629
1680987225243
1680987225692
1680987226568
1680987226894
1680987227481
1680987227770
1680987228159
1680987228745
1680987229331
1680987229618
1680987230241
1680987230792
1680987231108
1680987231731
1680987232257
1680987232825
1680987233271
1680987234100
